[data]
ID = 137
Model = 405
X = 204.754180
Y = -1444.212524
Z = 13.096212
AZ = 319.887298
Color1 = 162
Color2 = 1
Respawn = 200
