[data]
ID = 138
Model = 405
X = 202.353958
Y = -1442.322265
Z = 12.964733
AZ = 318.124511
Color1 = 162
Color2 = 1
Respawn = 200
