[data]
ID = 147
Model = 461
X = 200.241195
Y = -1431.215942
Z = 13.139322
AZ = 243.799285
Color1 = 162
Color2 = 1
Respawn = 200
