[data]
ID = 148
Model = 461
X = 201.026763
Y = -1429.020996
Z = 13.157938
AZ = 232.143173
Color1 = 162
Color2 = 1
Respawn = 200
