[data]
ID = 149
Model = 461
X = 202.970764
Y = -1426.849243
Z = 13.193857
AZ = 231.414672
Color1 = 162
Color2 = 1
Respawn = 200
