[data]
ID = 150
Model = 461
X = 204.473480
Y = -1424.339721
Z = 13.213328
AZ = 231.414672
Color1 = 162
Color2 = 1
Respawn = 200
