[data]
ID = 151
Model = 507
X = 1212.254394
Y = -1422.985473
Z = 13.382809
AZ = 0.802348
Color1 = 162
Color2 = 1
Respawn = 200
