[data]
ID = 152
Model = 507
X = 1216.375000
Y = -1423.255126
Z = 13.164104
AZ = 359.598663
Color1 = 162
Color2 = 1
Respawn = 200
