[data]
ID = 153
Model = 507
X = 1220.080810
Y = -1423.241333
Z = 13.128113
AZ = 0.093846
Color1 = 162
Color2 = 1
Respawn = 200
