[data]
ID = 154
Model = 507
X = 1224.790405
Y = -1423.115844
Z = 13.182737
AZ = 0.642902
Color1 = 162
Color2 = 1
Respawn = 200
