[data]
ID = 155
Model = 586
X = 1228.662597
Y = -1424.470214
Z = 13.434372
AZ = 2.876641
Color1 = 162
Color2 = 1
Respawn = 200
