[data]
ID = 156
Model = 586
X = 1230.355712
Y = -1425.171875
Z = 13.467907
AZ = 2.876641
Color1 = 162
Color2 = 1
Respawn = 200
