[data]
ID = 139
Model = 405
X = 200.321319
Y = -1440.696777
Z = 13.084342
AZ = 317.595977
Color1 = 162
Color2 = 1
Respawn = 200
