[data]
ID = 157
Model = 586
X = 1231.927734
Y = -1425.345092
Z = 13.491686
AZ = 2.876641
Color1 = 162
Color2 = 1
Respawn = 200
