[data]
ID = 158
Model = 439
X = 1227.578735
Y = -917.851684
Z = 42.797592
AZ = 100.037399
Color1 = 0
Color2 = 0
Respawn = 200
