[data]
ID = 159
Model = 401
X = 1227.245117
Y = -914.647949
Z = 42.681247
AZ = 100.387550
Color1 = 162
Color2 = 1
Respawn = 200
