[data]
ID = 160
Model = 405
X = 1830.123413
Y = -1392.926025
Z = 13.301497
AZ = 271.181884
Color1 = 1
Color2 = 1
Respawn = 200
