[data]
ID = 161
Model = 405
X = 1829.670288
Y = -1400.266601
Z = 13.304643
AZ = 267.651153
Color1 = 1
Color2 = 1
Respawn = 200
