[data]
ID = 162
Model = 404
X = 1226.585937
Y = -911.997558
Z = 42.635353
AZ = 99.251899
Color1 = 3
Color2 = 3
Respawn = 200
