[data]
ID = 163
Model = 405
X = 1830.210571
Y = -1389.548217
Z = 13.469470
AZ = 270.361328
Color1 = 1
Color2 = 1
Respawn = 200
