[data]
ID = 164
Model = 426
X = 1226.002319
Y = -908.907043
Z = 42.644981
AZ = 97.864059
Color1 = 1
Color2 = 1
Respawn = 200
