[data]
ID = 165
Model = 439
X = 1225.612915
Y = -905.898193
Z = 42.796585
AZ = 97.207962
Color1 = 0
Color2 = 0
Respawn = 200
