[data]
ID = 166
Model = 405
X = 1830.306030
Y = -1396.651123
Z = 13.303400
AZ = 268.445465
Color1 = 1
Color2 = 1
Respawn = 200
