[data]
ID = 140
Model = 405
X = 198.266357
Y = -1438.521240
Z = 13.082036
AZ = 317.595977
Color1 = 162
Color2 = 1
Respawn = 200
