[data]
ID = 167
Model = 462
X = 1226.826171
Y = -902.806213
Z = 42.499126
AZ = 103.491889
Color1 = 1
Color2 = 1
Respawn = 200
