[data]
ID = 168
Model = 405
X = 1829.059570
Y = -1404.871582
Z = 13.304711
AZ = 267.130065
Color1 = 1
Color2 = 1
Respawn = 200
