[data]
ID = 169
Model = 462
X = 1226.725708
Y = -901.556457
Z = 42.496681
AZ = 98.369834
Color1 = 1
Color2 = 1
Respawn = 200
