[data]
ID = 170
Model = 426
X = 2805.230224
Y = -1073.800903
Z = 30.179264
AZ = 268.221282
Color1 = 1
Color2 = 1
Respawn = 200
