[data]
ID = 171
Model = 426
X = 2805.797119
Y = -1070.222778
Z = 30.048692
AZ = 269.289276
Color1 = 1
Color2 = 1
Respawn = 200
