[data]
ID = 172
Model = 586
X = 2802.003417
Y = -1108.706542
Z = 30.239740
AZ = 270.888458
Color1 = 0
Color2 = 0
Respawn = 200
