[data]
ID = 173
Model = 586
X = 2802.036621
Y = -1106.480468
Z = 30.239856
AZ = 267.704467
Color1 = 0
Color2 = 0
Respawn = 200
