[data]
ID = 174
Model = 462
X = 1226.389526
Y = -900.397155
Z = 42.492961
AZ = 100.610557
Color1 = 1
Color2 = 1
Respawn = 200
