[data]
ID = 175
Model = 586
X = 2801.642089
Y = -1104.060424
Z = 30.239568
AZ = 268.452392
Color1 = 0
Color2 = 0
Respawn = 200
