[data]
ID = 176
Model = 462
X = 1226.221557
Y = -899.253601
Z = 42.490196
AZ = 100.180755
Color1 = 1
Color2 = 1
Respawn = 200
