[data]
ID = 141
Model = 405
X = 195.582122
Y = -1436.454711
Z = 13.074482
AZ = 317.595977
Color1 = 162
Color2 = 1
Respawn = 200
