[data]
ID = 177
Model = 540
X = 1246.332397
Y = -2043.673217
Z = 59.677127
AZ = 269.185363
Color1 = 0
Color2 = 0
Respawn = 200
