[data]
ID = 178
Model = 540
X = 1245.450073
Y = -2038.918334
Z = 59.703086
AZ = 270.270782
Color1 = 1
Color2 = 0
Respawn = 200
