[data]
ID = 179
Model = 586
X = 2801.746826
Y = -1101.709106
Z = 30.239477
AZ = 271.898406
Color1 = 0
Color2 = 0
Respawn = 200
