[data]
ID = 180
Model = 462
X = 1226.021606
Y = -898.054077
Z = 42.476676
AZ = 99.990280
Color1 = 1
Color2 = 1
Respawn = 200
