[data]
ID = 181
Model = 533
X = 1245.294433
Y = -2034.579345
Z = 59.555969
AZ = 270.805297
Color1 = 162
Color2 = 162
Respawn = 200
