[data]
ID = 182
Model = 533
X = 1245.500488
Y = -2030.843139
Z = 59.550018
AZ = 270.640136
Color1 = 3
Color2 = 3
Respawn = 200
