[data]
ID = 183
Model = 475
X = 1245.606323
Y = -2026.757690
Z = 59.641647
AZ = 271.310058
Color1 = 0
Color2 = 0
Respawn = 200
