[data]
ID = 184
Model = 475
X = 1245.586669
Y = -2022.814086
Z = 59.643127
AZ = 269.122436
Color1 = 1
Color2 = 0
Respawn = 200
