[data]
ID = 185
Model = 439
X = 1245.906982
Y = -2018.730346
Z = 59.723453
AZ = 270.078125
Color1 = 3
Color2 = 3
Respawn = 200
