[data]
ID = 186
Model = 426
X = 423.712524
Y = -1805.966186
Z = 5.289629
AZ = 268.746093
Color1 = 3
Color2 = 3
Respawn = 200
