[data]
ID = 142
Model = 426
X = 218.304565
Y = -1430.060424
Z = 13.273363
AZ = 132.013900
Color1 = 162
Color2 = 1
Respawn = 200
