[data]
ID = 187
Model = 439
X = 1245.652343
Y = -2014.823242
Z = 59.729827
AZ = 270.329223
Color1 = 0
Color2 = 0
Respawn = 200
