[data]
ID = 188
Model = 410
X = 423.116821
Y = -1803.062133
Z = 5.199193
AZ = 268.933044
Color1 = 162
Color2 = 1
Respawn = 200
