[data]
ID = 189
Model = 401
X = 423.299438
Y = -1800.469604
Z = 5.326303
AZ = 270.044128
Color1 = 1
Color2 = 1
Respawn = 200
