[data]
ID = 190
Model = 404
X = 423.573089
Y = -1797.668701
Z = 5.280037
AZ = 271.665435
Color1 = 0
Color2 = 0
Respawn = 200
