[data]
ID = 191
Model = 439
X = 423.550781
Y = -1795.043579
Z = 5.442779
AZ = 271.728363
Color1 = 3
Color2 = 3
Respawn = 200
