[data]
ID = 192
Model = 405
X = 1833.125244
Y = -1402.864746
Z = 13.304681
AZ = 358.523834
Color1 = 1
Color2 = 1
Respawn = 200
