[data]
ID = 143
Model = 426
X = 216.157424
Y = -1427.952514
Z = 13.264286
AZ = 134.074127
Color1 = 162
Color2 = 1
Respawn = 200
