[data]
ID = 144
Model = 426
X = 214.037567
Y = -1425.800170
Z = 13.260622
AZ = 134.316970
Color1 = 162
Color2 = 1
Respawn = 200
