[data]
ID = 145
Model = 426
X = 211.607376
Y = -1423.764526
Z = 13.255924
AZ = 136.061187
Color1 = 162
Color2 = 1
Respawn = 200
