[data]
ID = 146
Model = 426
X = 209.708999
Y = -1421.453735
Z = 13.255416
AZ = 134.766021
Color1 = 162
Color2 = 1
Respawn = 200
