[data]
Name = Spawn
X = 201.431869
Y = -1457.742553
Z = 12.992577
