[data]
Name = Opstina
X = 1133.737915
Y = -2036.251953
Z = 69.007812
