[data]
Name = TuneShop SF
X = -2711.569091
Y = 217.719223
Z = 4.206014
