[data]
Name = Policija
X = 1536.169189
Y = -1637.178344
Z = 13.546837
