[data]
Name = Banka
X = 1462.100830
Y = -1028.394653
Z = 23.828111
