[data]
Name = Salon vozila
X = 1759.831054
Y = -1762.284423
Z = 13.539630
