[data]
Name = Sajam
X = -2053.461425
Y = -110.112899
Z = 35.295764
