[data]
Name = Crno trziste
X = 2733.558105
Y = 2796.113525
Z = 10.820312
