[data]
Name = Zlatara
X = 2800.899658
Y = -1089.214599
Z = 30.718750
