[data]
Name = Auto skola
X = 2059.800292
Y = -1914.139404
Z = 13.567999
