[data]
Name = TuneShop LS
X = 1045.424560
Y = -1032.667358
Z = 32.035793
