[data]
Owned = false
OwnerName = Drzava
Level = 2
Name = Mala kuca
Price = 450000
UlazX = 2146.952880
UlazY = -1355.729858
UlazZ = 25.539062
IzlazX = 271.884979
IzlazY = 306.631988
IzlazZ = 999.148437
UnutraPic = 103
IzvanPic = 104
Vrsta = 0
VW = 0
Interior = 2
Money = 0
Locked = true
Oruzje1 = -1
Municija1 = 0
Oruzje2 = -1
Municija2 = 0
Oruzje3 = -1
Municija3 = 0
Droga = 0
Mats = 0
