[data]
Owned = false
OwnerName = 
Level = 999
Name = Villa
Price = 1
UlazX = 1497.001586
UlazY = -687.891479
UlazZ = 95.563308
IzlazX = 2496.049804
IzlazY = -1695.238159
IzlazZ = 1014.742187
UnutraPic = 133
IzvanPic = 134
Vrsta = 3
VW = 15
Interior = 3
Money = 0
Locked = true
Oruzje1 = -1
Municija1 = 0
Oruzje2 = -1
Municija2 = 0
Oruzje3 = -1
Municija3 = 0
Droga = 0
Mats = 0
