[data]
Owned = false
OwnerName = 
Level = 5
Name = Srednja kuca
Price = 900000
UlazX = 2362.906982
UlazY = -1643.142333
UlazZ = 14.351559
IzlazX = 318.564971
IzlazY = 1118.209960
IzlazZ = 1083.882812
UnutraPic = 483
IzvanPic = 484
Vrsta = 1
VW = 190
Interior = 5
Money = 0
Locked = true
Oruzje1 = -1
Municija1 = 0
Oruzje2 = -1
Municija2 = 0
Oruzje3 = -1
Municija3 = 0
Droga = 0
Mats = 0
