[data]
Owned = false
OwnerName = 
Level = 5
Name = Srednja kuca
Price = 900000
UlazX = 2307.052001
UlazY = -1679.199951
UlazZ = 14.331625
IzlazX = 318.564971
IzlazY = 1118.209960
IzlazZ = 1083.882812
UnutraPic = 495
IzvanPic = 496
Vrsta = 1
VW = 196
Interior = 5
Money = 0
Locked = true
Oruzje1 = -1
Municija1 = 0
Oruzje2 = -1
Municija2 = 0
Oruzje3 = -1
Municija3 = 0
Droga = 0
Mats = 0
