[data]
Owned = false
OwnerName = 
Level = 2
Name = Mala kuca
Price = 450000
UlazX = 1196.471923
UlazY = -1016.896972
UlazZ = 32.546875
IzlazX = 271.884979
IzlazY = 306.631988
IzlazZ = 999.148437
UnutraPic = 523
IzvanPic = 524
Vrsta = 0
VW = 210
Interior = 2
Money = 0
Locked = true
Oruzje1 = -1
Municija1 = 0
Oruzje2 = -1
Municija2 = 0
Oruzje3 = -1
Municija3 = 0
Droga = 0
Mats = 0
