[data]
Owned = false
OwnerName = 
Level = 2
Name = Mala kuca
Price = 450000
UlazX = 1195.685913
UlazY = -1010.927185
UlazZ = 36.226699
IzlazX = 271.884979
IzlazY = 306.631988
IzlazZ = 999.148437
UnutraPic = 533
IzvanPic = 534
Vrsta = 0
VW = 215
Interior = 2
Money = 0
Locked = true
Oruzje1 = -1
Municija1 = 0
Oruzje2 = -1
Municija2 = 0
Oruzje3 = -1
Municija3 = 0
Droga = 0
Mats = 0
