[data]
Owned = false
OwnerName = 
Level = 12
Name = Villa
Price = 3500000
UlazX = 2000.178710
UlazY = -1114.053710
UlazZ = 27.125000
IzlazX = 2496.049804
IzlazY = -1695.238159
IzlazZ = 1014.742187
UnutraPic = 581
IzvanPic = 582
Vrsta = 3
VW = 239
Interior = 3
Money = 0
Locked = true
Oruzje1 = -1
Municija1 = 0
Oruzje2 = -1
Municija2 = 0
Oruzje3 = -1
Municija3 = 0
Droga = 0
Mats = 0
