[data]
Owned = false
OwnerName = 
Level = 5
Name = Srednja kuca
Price = 900000
UlazX = 880.036621
UlazY = -1424.821777
UlazZ = 14.484375
IzlazX = 318.564971
IzlazY = 1118.209960
IzlazZ = 1083.882812
UnutraPic = 605
IzvanPic = 606
Vrsta = 1
VW = 251
Interior = 5
Money = 0
Locked = true
Oruzje1 = -1
Municija1 = 0
Oruzje2 = -1
Municija2 = 0
Oruzje3 = -1
Municija3 = 0
Droga = 0
Mats = 0
