[data]
Owned = false
OwnerName = 
Level = 2
Name = Mala kuca
Price = 450000
UlazX = 2105.583740
UlazY = -1056.127319
UlazZ = 27.137962
IzlazX = 271.884979
IzlazY = 306.631988
IzlazZ = 999.148437
UnutraPic = 647
IzvanPic = 648
Vrsta = 0
VW = 272
Interior = 2
Money = 0
Locked = true
Oruzje1 = -1
Municija1 = 0
Oruzje2 = -1
Municija2 = 0
Oruzje3 = -1
Municija3 = 0
Droga = 0
Mats = 0
