[data]
Owned = false
OwnerName = Drzava
Level = 5
Name = Srednja kuca
Price = 900000
UlazX = 2110.861572
UlazY = -1244.400146
UlazZ = 25.851562
IzlazX = 318.564971
IzlazY = 1118.209960
IzlazZ = 1083.882812
UnutraPic = 693
IzvanPic = 694
Vrsta = 1
VW = 295
Interior = 5
Money = 0
Locked = true
Oruzje1 = -1
Municija1 = 0
Oruzje2 = -1
Municija2 = 0
Oruzje3 = -1
Municija3 = 0
Droga = 0
Mats = 0
