[data]
Owned = false
OwnerName = 
Level = 999
Name = Villa
Price = 1
UlazX = 207.292190
UlazY = 1443.785278
UlazZ = 11.037783
IzlazX = 2496.049804
IzlazY = -1695.238159
IzlazZ = 1014.742187
UnutraPic = 109
IzvanPic = 110
Vrsta = 3
VW = 3
Interior = 3
Money = 0
Locked = true
Oruzje1 = -1
Municija1 = 0
Oruzje2 = -1
Municija2 = 0
Oruzje3 = -1
Municija3 = 0
Droga = 0
Mats = 0
