[data]
Owned = false
OwnerName = 
Level = 12
Name = Villa
Price = 3500000
UlazX = 808.288146
UlazY = -759.474609
UlazZ = 76.531364
IzlazX = 2496.049804
IzlazY = -1695.238159
IzlazZ = 1014.742187
UnutraPic = 163
IzvanPic = 164
Vrsta = 3
VW = 30
Interior = 3
Money = 0
Locked = true
Oruzje1 = -1
Municija1 = 0
Oruzje2 = -1
Municija2 = 0
Oruzje3 = -1
Municija3 = 0
Droga = 0
Mats = 0
