[data]
Owned = false
OwnerName = 
Level = 2
Name = Mala kuca
Price = 450000
UlazX = 2191.688720
UlazY = -1239.234741
UlazZ = 24.487878
IzlazX = 271.884979
IzlazY = 306.631988
IzlazZ = 999.148437
UnutraPic = 759
IzvanPic = 760
Vrsta = 0
VW = 328
Interior = 2
Money = 0
Locked = true
Oruzje1 = -1
Municija1 = 0
Oruzje2 = -1
Municija2 = 0
Oruzje3 = -1
Municija3 = 0
Droga = 0
Mats = 0
