[data]
Owned = false
OwnerName = 
Level = 5
Name = Srednja kuca
Price = 900000
UlazX = 2091.120605
UlazY = -1278.071411
UlazZ = 26.179687
IzlazX = 318.564971
IzlazY = 1118.209960
IzlazZ = 1083.882812
UnutraPic = 779
IzvanPic = 780
Vrsta = 1
VW = 338
Interior = 5
Money = 0
Locked = true
Oruzje1 = -1
Municija1 = 0
Oruzje2 = -1
Municija2 = 0
Oruzje3 = -1
Municija3 = 0
Droga = 0
Mats = 0
