[data]
Owned = false
OwnerName = 
Level = 9
Name = Velika kuca
Price = 2000000
UlazX = 2756.286132
UlazY = -1302.427124
UlazZ = 53.093750
IzlazX = 2324.419921
IzlazY = -1145.568359
IzlazZ = 1050.710083
UnutraPic = 851
IzvanPic = 852
Vrsta = 2
VW = 374
Interior = 12
Money = 0
Locked = true
Oruzje1 = -1
Municija1 = 0
Oruzje2 = -1
Municija2 = 0
Oruzje3 = -1
Municija3 = 0
Droga = 0
Mats = 0
