[data]
Owned = false
OwnerName = 
Level = 5
Name = Srednja kuca
Price = 900000
UlazX = 2351.963134
UlazY = -1170.661132
UlazZ = 28.074478
IzlazX = 318.564971
IzlazY = 1118.209960
IzlazZ = 1083.882812
UnutraPic = 855
IzvanPic = 856
Vrsta = 1
VW = 376
Interior = 5
Money = 0
Locked = true
Oruzje1 = -1
Municija1 = 0
Oruzje2 = -1
Municija2 = 0
Oruzje3 = -1
Municija3 = 0
Droga = 0
Mats = 0
