[data]
Owned = false
OwnerName = 
Level = 20
Name = Villa
Price = 3000000
UlazX = 1095.122558
UlazY = -647.916015
UlazZ = 113.648437
IzlazX = 2496.049804
IzlazY = -1695.238159
IzlazZ = 1014.742187
UnutraPic = 179
IzvanPic = 180
Vrsta = 3
VW = 38
Interior = 3
Money = 0
Locked = true
Oruzje1 = -1
Municija1 = 0
Oruzje2 = -1
Municija2 = 0
Oruzje3 = -1
Municija3 = 0
Droga = 0
Mats = 0
