[data]
Owned = false
OwnerName = 
Level = 999
Name = Villa
Price = 1
UlazX = 264.738586
UlazY = 1376.025390
UlazZ = 11.423434
IzlazX = 2496.049804
IzlazY = -1695.238159
IzlazZ = 1014.742187
UnutraPic = 111
IzvanPic = 112
Vrsta = 3
VW = 4
Interior = 3
Money = 0
Locked = true
Oruzje1 = -1
Municija1 = 0
Oruzje2 = -1
Municija2 = 0
Oruzje3 = -1
Municija3 = 0
Droga = 0
Mats = 0
