[data]
Owned = false
OwnerName = 
Level = 20
Name = Villa
Price = 3000000
UlazX = 1045.036743
UlazY = -642.961425
UlazZ = 120.117187
IzlazX = 2496.049804
IzlazY = -1695.238159
IzlazZ = 1014.742187
UnutraPic = 183
IzvanPic = 184
Vrsta = 3
VW = 40
Interior = 3
Money = 0
Locked = true
Oruzje1 = -1
Municija1 = 0
Oruzje2 = -1
Municija2 = 0
Oruzje3 = -1
Municija3 = 0
Droga = 0
Mats = 0
