[data]
Owned = false
OwnerName = 
Level = 20
Name = Villa
Price = 3000000
UlazX = 980.548583
UlazY = -677.226440
UlazZ = 121.976257
IzlazX = 2496.049804
IzlazY = -1695.238159
IzlazZ = 1014.742187
UnutraPic = 185
IzvanPic = 186
Vrsta = 3
VW = 41
Interior = 3
Money = 0
Locked = true
Oruzje1 = -1
Municija1 = 0
Oruzje2 = -1
Municija2 = 0
Oruzje3 = -1
Municija3 = 0
Droga = 0
Mats = 0
