[data]
Owned = false
OwnerName = 
Level = 2
Name = Mala kuca
Price = 450000
UlazX = 2066.740966
UlazY = -1656.479614
UlazZ = 14.132809
IzlazX = 271.884979
IzlazY = 306.631988
IzlazZ = 999.148437
UnutraPic = 943
IzvanPic = 944
Vrsta = 0
VW = 420
Interior = 2
Money = 0
Locked = true
Oruzje1 = -1
Municija1 = 0
Oruzje2 = -1
Municija2 = 0
Oruzje3 = -1
Municija3 = 0
Droga = 0
Mats = 0
