[data]
Owned = false
OwnerName = 
Level = 12
Name = Villa
Price = 3500000
UlazX = 2756.350585
UlazY = -1182.809936
UlazZ = 69.403457
IzlazX = 2496.049804
IzlazY = -1695.238159
IzlazZ = 1014.742187
UnutraPic = 189
IzvanPic = 190
Vrsta = 3
VW = 43
Interior = 3
Money = 0
Locked = true
Oruzje1 = -1
Municija1 = 0
Oruzje2 = -1
Municija2 = 0
Oruzje3 = -1
Municija3 = 0
Droga = 0
Mats = 0
