[data]
Owned = false
OwnerName = 
Level = 9
Name = Velika kuca
Price = 2000000
UlazX = 2129.600341
UlazY = -1361.688110
UlazZ = 26.136316
IzlazX = 2324.419921
IzlazY = -1145.568359
IzlazZ = 1050.710083
UnutraPic = 1069
IzvanPic = 1070
Vrsta = 2
VW = 483
Interior = 12
Money = 0
Locked = true
Oruzje1 = -1
Municija1 = 0
Oruzje2 = -1
Municija2 = 0
Oruzje3 = -1
Municija3 = 0
Droga = 0
Mats = 0
