[data]
Owned = false
OwnerName = Drzava
Level = 9
Name = Velika kuca
Price = 2000000
UlazX = 840.444885
UlazY = -1628.274902
UlazZ = 13.546875
IzlazX = 2324.419921
IzlazY = -1145.568359
IzlazZ = 1050.710083
UnutraPic = 1071
IzvanPic = 1072
Vrsta = 2
VW = 484
Interior = 12
Money = 0
Locked = true
Oruzje1 = -1
Municija1 = 0
Oruzje2 = -1
Municija2 = 0
Oruzje3 = -1
Municija3 = 0
Droga = 0
Mats = 0
