[data]
Owned = false
OwnerName = 
Level = 9
Name = Velika kuca
Price = 2000000
UlazX = 2576.681640
UlazY = -1070.728027
UlazZ = 69.832229
IzlazX = 2324.419921
IzlazY = -1145.568359
IzlazZ = 1050.710083
UnutraPic = 233
IzvanPic = 234
Vrsta = 2
VW = 65
Interior = 12
Money = 0
Locked = true
Oruzje1 = -1
Municija1 = 0
Oruzje2 = -1
Municija2 = 0
Oruzje3 = -1
Municija3 = 0
Droga = 0
Mats = 0
