[data]
Owned = false
OwnerName = 
Level = 9
Name = Velika kuca
Price = 2000000
UlazX = 352.395935
UlazY = -1197.946533
UlazZ = 76.515625
IzlazX = 2324.419921
IzlazY = -1145.568359
IzlazZ = 1050.710083
UnutraPic = 237
IzvanPic = 238
Vrsta = 2
VW = 67
Interior = 12
Money = 0
Locked = true
Oruzje1 = -1
Municija1 = 0
Oruzje2 = -1
Municija2 = 0
Oruzje3 = -1
Municija3 = 0
Droga = 0
Mats = 0
