[data]
Owned = false
OwnerName = 
Level = 12
Name = Villa
Price = 3500000
UlazX = 298.788391
UlazY = -1338.547973
UlazZ = 53.441501
IzlazX = 2496.049804
IzlazY = -1695.238159
IzlazZ = 1014.742187
UnutraPic = 277
IzvanPic = 278
Vrsta = 3
VW = 87
Interior = 3
Money = 0
Locked = true
Oruzje1 = -1
Municija1 = 0
Oruzje2 = -1
Municija2 = 0
Oruzje3 = -1
Municija3 = 0
Droga = 0
Mats = 0
