[data]
Owned = false
OwnerName = 
Level = 9
Name = Velika kuca
Price = 2000000
UlazX = 227.990524
UlazY = -1405.453979
UlazZ = 51.609375
IzlazX = 2324.419921
IzlazY = -1145.568359
IzlazZ = 1050.710083
UnutraPic = 283
IzvanPic = 284
Vrsta = 2
VW = 90
Interior = 12
Money = 0
Locked = true
Oruzje1 = -1
Municija1 = 0
Oruzje2 = -1
Municija2 = 0
Oruzje3 = -1
Municija3 = 0
Droga = 0
Mats = 0
