[data]
X = 2194.717285
Y = 2472.811035
Z = 10.820309
