[data]
X = 2205.559570
Y = 2472.447753
Z = 10.820309
