[data]
X = -1328.816162
Y = 2671.568115
Z = 50.062500
