[data]
X = 2114.489257
Y = 920.643981
Z = 10.820309
