[data]
X = 2639.671142
Y = 1105.897949
Z = 10.820309
