[data]
X = 2147.624023
Y = 2748.633544
Z = 10.820309
