[data]
X = 1594.961669
Y = 2199.318115
Z = 10.820309
