[data]
X = -1464.489013
Y = 1864.184814
Z = 32.632812
