[data]
X = -1477.014526
Y = 1863.613159
Z = 32.632812
