[data]
X = 657.899780
Y = -559.616210
Z = 16.335937
