[data]
X = 657.960327
Y = -569.752746
Z = 16.335937
