[data]
X = 1383.538330
Y = 456.787109
Z = 19.943721
