[data]
X = 604.252624
Y = 1704.221191
Z = 6.992187
