[data]
X = -1675.576904
Y = 413.770568
Z = 7.179687
