[data]
X = -2244.421875
Y = -2561.168457
Z = 31.921875
