[data]
X = -2408.052734
Y = 975.273742
Z = 45.296875
