[data]
X = -1609.687622
Y = -2717.893066
Z = 48.539062
