[data]
X = -1605.866821
Y = -2714.382812
Z = 48.533473
