[data]
X = -1602.740966
Y = -2709.600097
Z = 48.533473
