[data]
X = -92.990982
Y = -1174.034790
Z = 2.292788
