[data]
X = -89.217475
Y = -1165.066162
Z = 2.326107
