[data]
X = 1944.654418
Y = -1772.889648
Z = 13.390598
