[data]
X = 1939.379760
Y = -1772.521118
Z = 13.382809
