[data]
X = 1004.505676
Y = -940.661010
Z = 42.190250
