[data]
X = 611.407714
Y = 1694.986938
Z = 6.992187
