[data]
X = 1006.648803
Y = -933.897033
Z = 42.190250
