[data]
X = 618.581481
Y = 1684.821777
Z = 6.992187
