[data]
X = -1327.062011
Y = 2682.828125
Z = 50.062500
