[data]
X = -1328.127319
Y = 2677.230468
Z = 50.062500
