Postavljen = true
X = 197.140533
Y = -1464.679321
Z = 12.470869
XX = 0.000000
YY = -0.399998
ZZ = 53.659255
Int = 0
VW = 0
