Postavljen = true
X = 1122.701904
Y = -2040.455932
Z = 69.452758
XX = 0.000000
YY = 0.000000
ZZ = 90.568061
Int = 0
VW = 0
