Postavljen = true
X = 442.234527
Y = -1793.933349
Z = 5.156877
XX = 0.000000
YY = 0.000000
ZZ = -178.818435
Int = 0
VW = 0
