Postavljen = true
X = -2035.934204
Y = -102.045776
Z = 34.784099
XX = 0.000000
YY = 0.000000
ZZ = -178.521804
Int = 0
VW = 0
