Postavljen = true
X = 2695.468261
Y = 2753.843994
Z = 10.430310
XX = 0.000000
YY = 0.000000
ZZ = 92.446388
Int = 0
VW = 0
