Postavljen = true
X = 2498.686279
Y = 2780.154785
Z = 10.440304
XX = 0.000000
YY = 0.000000
ZZ = -89.403182
Int = 0
VW = 0
