Postavljen = true
X = 2023.370849
Y = 997.742065
Z = 10.410305
XX = 0.000000
YY = 0.000000
ZZ = 90.417236
Int = 0
VW = 0
