Postavljen = true
X = 2795.816894
Y = -1079.100463
Z = 30.329801
XX = 0.000000
YY = 0.000000
ZZ = 90.357604
Int = 0
VW = 0
