Postavljen = true
X = 2444.484375
Y = -2121.270019
Z = 13.166872
XX = 0.000000
YY = 0.000000
ZZ = -177.520721
Int = 0
VW = 0
