Postavljen = true
X = 1122.696655
Y = -2033.756103
Z = 69.494850
XX = 0.000000
YY = 0.000000
ZZ = 89.414611
Int = 0
VW = 0
