Postavljen = true
X = 1503.631591
Y = -1749.932128
Z = 13.146873
XX = 0.000000
YY = 0.000000
ZZ = 179.793487
Int = 0
VW = 0
