Postavljen = true
X = 1543.308471
Y = -1631.452880
Z = 12.999975
XX = 0.000000
YY = 0.000000
ZZ = -89.281417
Int = 0
VW = 0
