Postavljen = true
X = 1437.648803
Y = -1046.769531
Z = 23.448129
XX = 0.000000
YY = 0.000000
ZZ = 178.375625
Int = 0
VW = 0
