Postavljen = true
X = 1028.143798
Y = -946.412353
Z = 42.226554
XX = 0.000000
YY = 0.000000
ZZ = 9.306439
Int = 0
VW = 0
