Postavljen = true
X = 1207.249511
Y = -1415.534423
Z = 13.032814
XX = 0.000000
YY = 0.000000
ZZ = -179.491500
Int = 0
VW = 0
