Postavljen = true
X = 1764.534667
Y = -1789.859252
Z = 13.133431
XX = 0.000000
YY = 0.000000
ZZ = -89.944374
Int = 0
VW = 0
