Postavljen = true
X = 2053.173583
Y = -1917.379516
Z = 13.207994
XX = 0.000000
YY = 0.000000
ZZ = 88.622650
Int = 0
VW = 0
