[data]
Name = Spawn
X = 207.967605
Y = -1455.554687
Z = 13.064302
AZ = 137.580062
Interior = 0
VW = 0
