[data]
Name = Opstina
X = 1249.347656
Y = -2057.088378
Z = 59.722595
AZ = 265.856506
Interior = 0
VW = 0
