[data]
Name = Sajam
X = -2030.739013
Y = -91.082725
Z = 35.320312
AZ = 90.498947
Interior = 0
VW = 0
