[data]
Name = Crno trziste
X = 2741.327880
Y = 2786.801269
Z = 10.820312
AZ = 88.314750
Interior = 0
VW = 0
