[data]
Name = LV
X = 2034.954956
Y = 990.467712
Z = 10.820312
AZ = 1.230510
Interior = 0
VW = 0
