[data]
Name = Zlatara
X = 2819.034423
Y = -1086.918823
Z = 30.734483
AZ = 0.172458
Interior = 0
VW = 0
