[data]
Name = TuneShop LS
X = 1053.816772
Y = -1032.906005
Z = 32.029701
AZ = 61.321708
Interior = 0
VW = 0
