[data]
Name = TuneShop LS-2
X = 2645.414550
Y = -2004.203491
Z = 13.382812
AZ = 180.877593
Interior = 0
VW = 0
