[data]
Name = TuneShop SF
X = -2698.972656
Y = 217.093093
Z = 4.179687
AZ = 89.534881
Interior = 0
VW = 0
