[data]
Name = TuneShop SF-2
X = -1941.124511
Y = 226.815261
Z = 34.061584
AZ = 321.281219
Interior = 0
VW = 0
