[data]
Name = Burg
X = 1213.838256
Y = -923.839294
Z = 42.927001
AZ = 0.953059
Interior = 0
VW = 0
