[data]
Name = Policija
X = 1526.864746
Y = -1739.699584
Z = 13.546875
AZ = 272.412994
Interior = 0
VW = 0
