[data]
Name = Banka
X = 1438.299560
Y = -1040.504760
Z = 23.828111
AZ = 269.248779
Interior = 0
VW = 0
