[data]
Name = Benzinska_LS
X = 1049.621215
Y = -946.252441
Z = 42.868499
AZ = 98.877441
Interior = 0
VW = 0
