[data]
Name = Bolnica
X = 1188.531982
Y = -1356.339477
Z = 13.565769
AZ = 179.548889
Interior = 0
VW = 0
