[data]
Name = Salon vozila
X = 1755.811035
Y = -1778.514160
Z = 13.527797
AZ = 0.663818
Interior = 0
VW = 0
