[data]
Name = Auto skola
X = 2088.016601
Y = -1923.148559
Z = 13.544799
AZ = 0.671438
Interior = 0
VW = 0
