[data]
Name = Plaza
X = 432.640686
Y = -1805.580078
Z = 5.546875
AZ = 354.022979
Interior = 0
VW = 0
