[data]
Name = SF
X = -1789.736328
Y = -591.603576
Z = 16.467926
AZ = 90.149673
Interior = 0
VW = 0
