[data]
Owned = false
OwnerName = 
Level = 8
Name = Sex shop
Price = 810000
UlazX = 364.365753
UlazY = -2051.905029
UlazZ = 8.015625
IzlazX = -100.076698
IzlazY = -23.830400
IzlazZ = 1000.718811
UnutraPic = 1
IzvanPic = 2
Vrsta = 2
VW = 0
Interior = 3
Money = 0
Locked = false
