[data]
Owned = false
OwnerName = 
Level = 6
Name = Posta
Price = 700000
UlazX = 1495.100097
UlazY = -1431.252807
UlazZ = 13.546875
IzlazX = 971.483215
IzlazY = -1347.465332
IzlazZ = -42.161098
UnutraPic = 3
IzvanPic = 4
Vrsta = 10
VW = 1
Interior = 0
Money = 0
Locked = false
