[data]
Owned = false
OwnerName = 
Level = 10
Name = 24/7 Shop
Price = 1200000
UlazX = 1315.412719
UlazY = -897.844970
UlazZ = 39.578125
IzlazX = -26.691598
IzlazY = -55.714897
IzlazZ = 1003.546875
UnutraPic = 7
IzvanPic = 8
Vrsta = 0
VW = 10
Interior = 6
Money = 0
Locked = false
