[data]
Owned = false
OwnerName = 
Level = 8
Name = Picerija
Price = 810000
UlazX = 1199.424804
UlazY = -918.126342
UlazZ = 43.122207
IzlazX = 372.343292
IzlazY = -133.101806
IzlazZ = 1001.492187
UnutraPic = 9
IzvanPic = 10
Vrsta = 9
VW = 11
Interior = 5
Money = 0
Locked = false
