[data]
Owned = false
OwnerName = 
Level = 15
Name = Ammunation
Price = 2000000
UlazX = 1368.993896
UlazY = -1279.712646
UlazZ = 13.546875
IzlazX = 286.148986
IzlazY = -40.644397
IzlazZ = 1001.515625
UnutraPic = 11
IzvanPic = 12
Vrsta = 3
VW = 12
Interior = 1
Money = 1160000
Locked = false
