[data]
Owned = false
OwnerName = 
Level = 5
Name = Binco
Price = 560000
UlazX = 1509.935546
UlazY = -1061.180541
UlazZ = 25.062500
IzlazX = 207.737991
IzlazY = -109.019996
IzlazZ = 1005.132812
UnutraPic = 13
IzvanPic = 14
Vrsta = 5
VW = 13
Interior = 15
Money = 1000
Locked = false
