[data]
Owned = false
OwnerName = 
Level = 999
Name = Ammunation
Price = 1
UlazX = 1463.970947
UlazY = -1052.640380
UlazZ = 24.015625
IzlazX = 286.148986
IzlazY = -40.644397
IzlazZ = 1001.515625
UnutraPic = 15
IzvanPic = 16
Vrsta = 3
VW = 14
Interior = 1
Money = 0
Locked = false
