[data]
Owned = false
OwnerName = 
Level = 8
Name = Sex shop
Price = 810000
UlazX = 1087.659790
UlazY = -922.490234
UlazZ = 43.390625
IzlazX = -100.076698
IzlazY = -23.830400
IzlazZ = 1000.718811
UnutraPic = 17
IzvanPic = 18
Vrsta = 2
VW = 15
Interior = 3
Money = 0
Locked = false
