[data]
Owned = false
OwnerName = 
Level = 10
Name = 24/7 Shop
Price = 1200000
UlazX = 1000.618041
UlazY = -920.130126
UlazZ = 42.338687
IzlazX = -26.691598
IzlazY = -55.714897
IzlazZ = 1003.546875
UnutraPic = 19
IzvanPic = 20
Vrsta = 0
VW = 16
Interior = 6
Money = 10150
Locked = false
