[data]
Owned = false
OwnerName = 
Level = 7
Name = Kladionica
Price = 690000
UlazX = 1041.347534
UlazY = -943.577209
UlazZ = 42.809921
IzlazX = 834.665588
IzlazY = 7.424736
IzlazZ = 1004.187011
UnutraPic = 21
IzvanPic = 22
Vrsta = 4
VW = 17
Interior = 3
Money = 0
Locked = false
