[data]
Owned = false
OwnerName = 
Level = 999
Name = Ammunation
Price = 1
UlazX = 953.013000
UlazY = -1048.349365
UlazZ = 30.242187
IzlazX = 286.148986
IzlazY = -40.644397
IzlazZ = 1001.515625
UnutraPic = 23
IzvanPic = 24
Vrsta = 3
VW = 18
Interior = 1
Money = 0
Locked = false
