[data]
Owned = false
OwnerName = 
Level = 7
Name = Kladionica
Price = 690000
UlazX = 904.981506
UlazY = -1385.390991
UlazZ = 13.539909
IzlazX = 834.665588
IzlazY = 7.424736
IzlazZ = 1004.187011
UnutraPic = 25
IzvanPic = 26
Vrsta = 4
VW = 19
Interior = 3
Money = 0
Locked = false
