[data]
Owned = false
OwnerName = 
Level = 8
Name = Picerija
Price = 810000
UlazX = 893.397521
UlazY = -1385.395874
UlazZ = 13.517086
IzlazX = 372.343292
IzlazY = -133.101806
IzlazZ = 1001.492187
UnutraPic = 27
IzvanPic = 28
Vrsta = 9
VW = 20
Interior = 5
Money = 0
Locked = false
