[data]
Owned = false
OwnerName = 
Level = 6
Name = Motel
Price = 600000
UlazX = 936.346191
UlazY = -1385.437988
UlazZ = 13.390344
IzlazX = 2215.454833
IzlazY = -1147.475585
IzlazZ = 1025.796875
UnutraPic = 29
IzvanPic = 30
Vrsta = 1
VW = 21
Interior = 15
Money = 0
Locked = false
