[data]
Owned = false
OwnerName = 
Level = 9
Name = Bar
Price = 930000
UlazX = 1006.972351
UlazY = -1386.367797
UlazZ = 13.341106
IzlazX = 501.980987
IzlazY = -69.150199
IzlazZ = 998.757812
UnutraPic = 31
IzvanPic = 32
Vrsta = 6
VW = 22
Interior = 11
Money = 100
Locked = false
