[data]
Owned = false
OwnerName = 
Level = 9
Name = Bar
Price = 930000
UlazX = 984.505310
UlazY = -1131.201171
UlazZ = 23.820327
IzlazX = 501.980987
IzlazY = -69.150199
IzlazZ = 998.757812
UnutraPic = 33
IzvanPic = 34
Vrsta = 6
VW = 23
Interior = 11
Money = 0
Locked = false
