[data]
Owned = false
OwnerName = 
Level = 9
Name = Disco
Price = 990000
UlazX = 1836.149780
UlazY = -1682.610595
UlazZ = 13.359995
IzlazX = 493.390991
IzlazY = -22.722799
IzlazZ = 1000.679687
UnutraPic = 35
IzvanPic = 36
Vrsta = 8
VW = 24
Interior = 17
Money = 0
Locked = false
