[data]
Owned = false
OwnerName = 
Level = 9
Name = Bar
Price = 930000
UlazX = 2354.530761
UlazY = -1511.505249
UlazZ = 24.000000
IzlazX = 501.980987
IzlazY = -69.150199
IzlazZ = 998.757812
UnutraPic = 37
IzvanPic = 38
Vrsta = 6
VW = 25
Interior = 11
Money = 0
Locked = false
