[data]
Owned = false
OwnerName = 
Level = 7
Name = Zero shop
Price = 735000
UlazX = 2112.822753
UlazY = -1212.341918
UlazZ = 23.964162
IzlazX = -2240.468505
IzlazY = 137.060440
IzlazZ = 1035.414062
UnutraPic = 39
IzvanPic = 40
Vrsta = 7
VW = 26
Interior = 6
Money = 0
Locked = false
