[data]
Owned = false
OwnerName = 
Level = 10
Name = 24/7 Shop
Price = 1200000
UlazX = 2095.803710
UlazY = -1212.150390
UlazZ = 23.963882
IzlazX = -26.691598
IzlazY = -55.714897
IzlazZ = 1003.546875
UnutraPic = 41
IzvanPic = 42
Vrsta = 0
VW = 27
Interior = 6
Money = 0
Locked = false
