[data]
Owned = false
OwnerName = 
Level = 12
Name = Ammunation
Price = 2500000
UlazX = 2081.100585
UlazY = -1205.223876
UlazZ = 23.933723
IzlazX = 286.148986
IzlazY = -40.644397
IzlazZ = 1001.515625
UnutraPic = 43
IzvanPic = 44
Vrsta = 3
VW = 28
Interior = 1
Money = 0
Locked = false
