[data]
Owned = false
OwnerName = 
Level = 6
Name = Motel
Price = 600000
UlazX = 2232.895996
UlazY = -1159.757446
UlazZ = 25.890625
IzlazX = 2215.454833
IzlazY = -1147.475585
IzlazZ = 1025.796875
UnutraPic = 45
IzvanPic = 46
Vrsta = 1
VW = 29
Interior = 15
Money = 0
Locked = false
