[data]
Owned = false
OwnerName = 
Level = 10
Name = 24/7 Shop
Price = 1200000
UlazX = 1833.776000
UlazY = -1842.542846
UlazZ = 13.578125
IzlazX = -26.691598
IzlazY = -55.714897
IzlazZ = 1003.546875
UnutraPic = 47
IzvanPic = 48
Vrsta = 0
VW = 30
Interior = 6
Money = 0
Locked = false
