[data]
Owned = false
OwnerName = 
Level = 10
Name = 24/7 Shop
Price = 1200000
UlazX = 2250.969482
UlazY = -1667.247802
UlazZ = 15.476559
IzlazX = -26.691598
IzlazY = -55.714897
IzlazZ = 1003.546875
UnutraPic = 49
IzvanPic = 50
Vrsta = 0
VW = 31
Interior = 6
Money = 0
Locked = false
