[data]
Owned = false
OwnerName = 
Level = 12
Name = Ammunation
Price = 2500000
UlazX = 2313.655517
UlazY = -1370.488159
UlazZ = 24.039405
IzlazX = 286.148986
IzlazY = -40.644397
IzlazZ = 1001.515625
UnutraPic = 53
IzvanPic = 54
Vrsta = 3
VW = 33
Interior = 1
Money = 0
Locked = false
