[data]
Owned = false
OwnerName = 
Level = 10
Name = 24/7 Shop
Price = 1200000
UlazX = 2351.970947
UlazY = -1412.346069
UlazZ = 23.992431
IzlazX = -26.691598
IzlazY = -55.714897
IzlazZ = 1003.546875
UnutraPic = 55
IzvanPic = 56
Vrsta = 0
VW = 34
Interior = 6
Money = 0
Locked = false
