[data]
Owned = false
OwnerName = 
Level = 5
Name = Binco
Price = 560000
UlazX = 2353.311279
UlazY = -1463.512817
UlazZ = 24.000000
IzlazX = 207.737991
IzlazY = -109.019996
IzlazZ = 1005.132812
UnutraPic = 57
IzvanPic = 58
Vrsta = 5
VW = 35
Interior = 15
Money = 0
Locked = false
