[data]
Owned = false
OwnerName = 
Level = 12
Name = Ammunation
Price = 2500000
UlazX = 1849.991943
UlazY = -2038.047729
UlazZ = 13.546875
IzlazX = 286.148986
IzlazY = -40.644397
IzlazZ = 1001.515625
UnutraPic = 59
IzvanPic = 60
Vrsta = 3
VW = 37
Interior = 1
Money = 0
Locked = false
