[data]
Owned = false
OwnerName = 
Level = 10
Name = 24/7 Shop
Price = 1200000
UlazX = 2611.142089
UlazY = -1111.377441
UlazZ = 68.245307
IzlazX = -26.691598
IzlazY = -55.714897
IzlazZ = 1003.546875
UnutraPic = 61
IzvanPic = 62
Vrsta = 0
VW = 38
Interior = 6
Money = 0
Locked = false
