[data]
Owned = false
OwnerName = 
Level = 5
Name = Binco
Price = 560000
UlazX = 1072.310791
UlazY = -1221.430419
UlazZ = 16.890625
IzlazX = 207.737991
IzlazY = -109.019996
IzlazZ = 1005.132812
UnutraPic = 63
IzvanPic = 64
Vrsta = 5
VW = 39
Interior = 15
Money = 0
Locked = false
