[data]
Owned = false
OwnerName = 
Level = 8
Name = Picerija
Price = 810000
UlazX = 2105.464355
UlazY = -1806.679565
UlazZ = 13.554684
IzlazX = 372.343292
IzlazY = -133.101806
IzlazZ = 1001.492187
UnutraPic = 65
IzvanPic = 66
Vrsta = 9
VW = 40
Interior = 5
Money = 0
Locked = false
