[data]
Owned = false
OwnerName = 
Level = 10
Name = 24/7 Shop
Price = 1200000
UlazX = 2424.244873
UlazY = -1742.774780
UlazZ = 13.545948
IzlazX = -26.691598
IzlazY = -55.714897
IzlazZ = 1003.546875
UnutraPic = 67
IzvanPic = 68
Vrsta = 0
VW = 41
Interior = 6
Money = 0
Locked = false
