[data]
Owned = false
OwnerName = 
Level = 8
Name = Sex shop
Price = 810000
UlazX = 2421.823730
UlazY = -1219.287597
UlazZ = 25.557716
IzlazX = -100.076698
IzlazY = -23.830400
IzlazZ = 1000.718811
UnutraPic = 69
IzvanPic = 70
Vrsta = 2
VW = 42
Interior = 3
Money = 0
Locked = false
