[data]
Owned = false
OwnerName = 
Level = 8
Name = Picerija
Price = 810000
UlazX = 1352.083984
UlazY = -1758.558959
UlazZ = 13.507809
IzlazX = 372.343292
IzlazY = -133.101806
IzlazZ = 1001.492187
UnutraPic = 71
IzvanPic = 72
Vrsta = 9
VW = 43
Interior = 5
Money = 0
Locked = false
