[data]
Owned = false
OwnerName = 
Level = 8
Name = Sex shop
Price = 810000
UlazX = 954.268798
UlazY = -1336.831542
UlazZ = 13.538554
IzlazX = -100.076698
IzlazY = -23.830400
IzlazZ = 1000.718811
UnutraPic = 73
IzvanPic = 74
Vrsta = 2
VW = 44
Interior = 3
Money = 0
Locked = false
