[data]
Owned = false
OwnerName = 
Level = 9
Name = Disco
Price = 990000
UlazX = 475.727294
UlazY = -1279.137817
UlazZ = 16.483154
IzlazX = 493.390991
IzlazY = -22.722799
IzlazZ = 1000.679687
UnutraPic = 5
IzvanPic = 6
Vrsta = 8
VW = 9
Interior = 17
Money = 0
Locked = false
